   Pregnant  Glucose  BP  Skin  Insulin   BMI  Pedigree  Age  Label
0         6      148  72    35        0  33.6     0.627   50      1
1         1       85  66    29        0  26.6     0.351   31      0
2         8      183  64     0        0  23.3     0.672   32      1
3         1       89  66    23       94  28.1     0.167   21      0
4         0      137  40    35      168  43.1     2.288   33      1
[[440  55]
 [152 114]]
Accuracy:  0.7279894875164258
Precision:  0.6745562130177515
Recall:  0.42857142857142855
   Pregnant  Glucose  BP  Skin  Insulin   BMI  Pedigree  Age  Label
0         6      148  72    35        0  33.6     0.627   50      1
1         1       85  66    29        0  26.6     0.351   31      0
2         8      183  64     0        0  23.3     0.672   32      1
3         1       89  66    23       94  28.1     0.167   21      0
4         0      137  40    35      168  43.1     2.288   33      1
[[227  26]
 [ 57  74]]
Accuracy:  0.7838541666666666
Precision:  0.74
Recall:  0.5648854961832062
   Pregnant  Glucose  BP  Skin  Insulin   BMI  Pedigree  Age  Label
0         6      148  72    35        0  33.6     0.627   50      1
1         1       85  66    29        0  26.6     0.351   31      0
2         8      183  64     0        0  23.3     0.672   32      1
3         1       89  66    23       94  28.1     0.167   21      0
4         0      137  40    35      168  43.1     2.288   33      1
[[115  15]
 [ 25  37]]
Accuracy:  0.7916666666666666
Precision:  0.7115384615384616
Recall:  0.5967741935483871
